#iterative separation between p-node lists
#step s1 s2 s3 s4
01 0.0003 0.0019 0.0019 0.0003
02 0.0003 0.0019 0.0019 0.0003
03 0.0004 0.0019 0.0019 0.0004
04 0.0004 0.0020 0.0020 0.0004
05 0.0004 0.0020 0.0020 0.0004
06 0.0004 0.0020 0.0020 0.0004
07 0.0004 0.0020 0.0020 0.0004
08 0.0004 0.0021 0.0021 0.0004
09 0.0004 0.0021 0.0021 0.0004
10 0.0004 0.0021 0.0021 0.0004
11 0.0005 0.0022 0.0022 0.0005
12 0.0005 0.0022 0.0022 0.0005
13 0.0005 0.0023 0.0023 0.0005
14 0.0005 0.0023 0.0023 0.0005
15 0.0005 0.0023 0.0023 0.0005
16 0.0006 0.0024 0.0024 0.0006
17 0.0006 0.0024 0.0024 0.0006
18 0.0006 0.0025 0.0025 0.0006
19 0.0007 0.0025 0.0025 0.0007
20 0.0007 0.0026 0.0026 0.0007
21 0.0007 0.0026 0.0026 0.0007
22 0.0008 0.0027 0.0027 0.0008
23 0.0008 0.0028 0.0028 0.0008
24 0.0009 0.0029 0.0029 0.0009
25 0.0009 0.0029 0.0029 0.0009
26 0.0010 0.0029 0.0029 0.0010
27 0.0010 0.0030 0.0030 0.0010
28 0.0010 0.0030 0.0030 0.0010
29 0.0011 0.0030 0.0030 0.0011
30 0.0011 0.0031 0.0031 0.0011
31 0.0011 0.0031 0.0031 0.0011
32 0.0012 0.0031 0.0031 0.0012
33 0.0012 0.0032 0.0032 0.0012
34 0.0013 0.0032 0.0032 0.0013
35 0.0013 0.0033 0.0033 0.0013
36 0.0013 0.0033 0.0033 0.0013
37 0.0014 0.0033 0.0033 0.0014
38 0.0014 0.0034 0.0034 0.0014
39 0.0014 0.0034 0.0034 0.0014
40 0.0015 0.0035 0.0035 0.0015
41 0.0015 0.0035 0.0035 0.0015
42 0.0015 0.0036 0.0036 0.0015
43 0.0016 0.0036 0.0036 0.0016
44 0.0016 0.0037 0.0037 0.0016
45 0.0016 0.0037 0.0037 0.0016
46 0.0017 0.0038 0.0038 0.0017
47 0.0017 0.0038 0.0038 0.0017
48 0.0017 0.0038 0.0038 0.0017
49 0.0018 0.0039 0.0039 0.0018
50 0.0018 0.0039 0.0039 0.0018
51 0.0018 0.0040 0.0040 0.0018
52 0.0018 0.0040 0.0040 0.0018
53 0.0019 0.0041 0.0041 0.0019
54 0.0019 0.0041 0.0041 0.0019
55 0.0019 0.0041 0.0041 0.0019
56 0.0020 0.0042 0.0042 0.0020
57 0.0020 0.0042 0.0042 0.0020
58 0.0020 0.0042 0.0042 0.0020
59 0.0021 0.0043 0.0043 0.0021
60 0.0021 0.0043 0.0043 0.0021
61 0.0021 0.0043 0.0043 0.0021
62 0.0021 0.0044 0.0044 0.0021
63 0.0022 0.0044 0.0044 0.0022
64 0.0022 0.0044 0.0044 0.0022
65 0.0022 0.0045 0.0045 0.0022
66 0.0023 0.0045 0.0045 0.0023
67 0.0023 0.0045 0.0045 0.0023
68 0.0023 0.0046 0.0046 0.0023
69 0.0021 0.0042 0.0042 0.0021
70 0.0022 0.0042 0.0042 0.0022
71 0.0022 0.0043 0.0043 0.0022
72 0.0023 0.0043 0.0043 0.0023
73 0.0023 0.0044 0.0044 0.0023
74 0.0024 0.0045 0.0045 0.0024
75 0.0025 0.0045 0.0045 0.0025
76 0.0025 0.0046 0.0046 0.0025
77 0.0026 0.0047 0.0047 0.0026
78 0.0026 0.0047 0.0047 0.0026
79 0.0028 0.0051 0.0051 0.0028
80 0.0029 0.0052 0.0052 0.0029
81 0.0030 0.0052 0.0052 0.0030
82 0.0030 0.0053 0.0053 0.0030
83 0.0031 0.0053 0.0053 0.0031
84 0.0032 0.0054 0.0054 0.0032
85 0.0032 0.0054 0.0054 0.0032
86 0.0033 0.0055 0.0055 0.0033
87 0.0033 0.0055 0.0055 0.0033
88 0.0034 0.0056 0.0056 0.0034
89 0.0035 0.0057 0.0057 0.0035
90 0.0036 0.0057 0.0057 0.0036
91 0.0036 0.0058 0.0058 0.0036
92 0.0037 0.0059 0.0059 0.0037
93 0.0038 0.0059 0.0059 0.0038
94 0.0039 0.0060 0.0060 0.0039
95 0.0039 0.0061 0.0061 0.0039
96 0.0039 0.0061 0.0061 0.0039
97 0.0040 0.0062 0.0062 0.0040
98 0.0041 0.0063 0.0063 0.0041
99 0.0041 0.0064 0.0064 0.0041
100 0.0042 0.0065 0.0065 0.0042
101 0.0042 0.0065 0.0065 0.0042
102 0.0042 0.0066 0.0066 0.0042
103 0.0043 0.0067 0.0067 0.0043
104 0.0043 0.0068 0.0068 0.0043
105 0.0042 0.0066 0.0066 0.0042
106 0.0040 0.0063 0.0063 0.0040
107 0.0037 0.0060 0.0060 0.0037
108 0.0035 0.0058 0.0058 0.0035
109 0.0034 5.6086 5.6086 0.0034
110 0.0032 0.0040 0.0040 0.0032
111 0.0031 0.0039 0.0039 0.0031
112 0.0030 0.0039 0.0039 0.0030
113 0.0028 0.0039 0.0039 0.0028
114 0.0027 0.0038 0.0038 0.0027
115 0.0027 0.0038 0.0038 0.0027
116 0.0026 0.0038 0.0038 0.0026
117 0.0025 0.0038 0.0038 0.0025
118 0.0025 0.0038 0.0038 0.0025
119 0.0025 0.0039 0.0039 0.0025
120 0.0025 0.0040 0.0040 0.0025
121 0.0025 0.0041 0.0041 0.0025
122 0.0025 0.0042 0.0042 0.0025
123 0.0026 0.0044 0.0044 0.0026
124 0.0028 0.0047 0.0047 0.0028
125 0.0031 0.0051 0.0051 0.0031
126 0.0035 0.0057 0.0057 0.0035
127 0.0036 0.0059 0.0059 0.0036
128 0.0037 0.0060 0.0060 0.0037
129 0.0037 0.0059 0.0059 0.0037
130 0.0037 0.0056 0.0056 0.0037
131 0.0036 0.0055 0.0055 0.0036
132 0.0035 0.0053 0.0053 0.0035
133 0.0035 0.0051 0.0051 0.0035
134 0.0035 0.0050 0.0050 0.0035
135 0.0034 0.0048 0.0048 0.0034
136 0.0034 0.0047 0.0047 0.0034
137 0.0034 0.0046 0.0046 0.0034
138 0.0033 0.0045 0.0045 0.0033
139 0.0033 0.0044 0.0044 0.0033
140 0.0033 0.0043 0.0043 0.0033
141 0.0032 0.0042 0.0042 0.0032
142 0.0032 0.0041 0.0041 0.0032
143 0.0032 0.0040 0.0040 0.0032
144 0.0032 0.0039 0.0039 0.0032
145 0.0032 0.0039 0.0039 0.0032
146 0.0032 0.0038 0.0038 0.0032
147 0.0032 0.0038 0.0038 0.0032
148 0.0032 0.0037 0.0037 0.0032
149 0.0032 0.0037 0.0037 0.0032
150 0.0032 0.0036 0.0036 0.0032
151 0.0032 0.0036 0.0036 0.0032
152 0.0032 0.0036 0.0036 0.0032
153 0.0032 0.0036 0.0036 0.0032
154 0.0033 0.0036 0.0036 0.0033
155 0.0033 0.0037 0.0037 0.0033
156 0.0034 0.0038 0.0038 0.0034
157 0.0035 0.0039 0.0039 0.0035
158 0.0037 0.0040 0.0040 0.0037
159 0.0039 0.0042 0.0042 0.0039
160 0.0041 0.0045 0.0045 0.0041
161 0.0044 0.0048 0.0048 0.0044
162 0.0048 0.0053 0.0053 0.0048
163 0.0054 0.0059 0.0059 0.0054
164 0.0061 0.0068 0.0068 0.0061
165 0.0072 0.0081 0.0081 0.0072
166 0.0078 0.0088 0.0088 0.0078
167 0.0085 0.0096 0.0096 0.0085
168 0.0091 0.0104 0.0104 0.0091
169 0.0097 0.0111 0.0111 0.0097
170 0.0102 0.0117 0.0117 0.0102
171 0.0106 0.0122 0.0122 0.0106
172 0.0110 0.0127 0.0127 0.0110
173 0.0114 0.0132 0.0132 0.0114
174 0.0118 0.0137 0.0137 0.0118
175 0.0122 0.0141 0.0141 0.0122
176 0.0125 0.0145 0.0145 0.0125
177 0.0128 0.0149 0.0149 0.0128
178 0.0132 0.0153 0.0153 0.0132
179 0.0135 0.0157 0.0157 0.0135
180 0.0138 0.0160 0.0160 0.0138
181 0.0141 0.0164 0.0164 0.0141
182 0.0141 0.0164 0.0164 0.0141
183 0.0139 0.0161 0.0161 0.0139
184 0.0136 0.0158 0.0158 0.0136
185 0.0133 0.0155 0.0155 0.0133
186 0.0131 0.0152 0.0152 0.0131
187 0.0128 0.0148 0.0148 0.0128
188 0.0126 0.0145 0.0145 0.0126
189 0.0123 0.0142 0.0142 0.0123
190 0.0120 0.0139 0.0139 0.0120
191 0.0118 0.0136 0.0136 0.0118
192 0.0115 0.0133 0.0133 0.0115
193 0.0113 0.0130 0.0130 0.0113
194 0.0110 0.0128 0.0128 0.0110
195 0.0108 0.0125 0.0125 0.0108
196 0.0105 0.0122 0.0122 0.0105
197 0.0103 0.0119 0.0119 0.0103
198 0.0100 0.0116 0.0116 0.0100
199 0.0098 0.0113 0.0113 0.0098
200 0.0095 0.0110 0.0110 0.0095
201 0.0093 0.0108 0.0108 0.0093
202 0.0091 0.0105 0.0105 0.0091
203 0.0088 0.0102 0.0102 0.0088
204 0.0086 0.0099 0.0099 0.0086
205 0.0084 0.0097 0.0097 0.0084
206 0.0081 0.0094 0.0094 0.0081
207 0.0079 0.0091 0.0091 0.0079
208 0.0077 0.0089 0.0089 0.0077
209 0.0075 0.0086 0.0086 0.0075
210 0.0072 0.0084 0.0084 0.0072
211 0.0070 0.0081 0.0081 0.0070
212 0.0068 0.0079 0.0079 0.0068
213 0.0066 0.0076 0.0076 0.0066
214 0.0064 0.0074 0.0074 0.0064
215 0.0062 0.0072 0.0072 0.0062
216 0.0060 0.0069 0.0069 0.0060
217 0.0058 0.0067 0.0067 0.0058
218 0.0056 0.0065 0.0065 0.0056
219 0.0055 0.0063 0.0063 0.0055
220 0.0053 0.0061 0.0061 0.0053
221 0.0051 0.0059 0.0059 0.0051
222 0.0049 0.0057 0.0057 0.0049
223 0.0048 0.0055 0.0055 0.0048
224 0.0046 0.0053 0.0053 0.0046
225 0.0044 0.0051 0.0051 0.0044
226 0.0043 0.0049 0.0049 0.0043
227 0.0041 0.0048 0.0048 0.0041
228 0.0040 0.0046 0.0046 0.0040
229 0.0038 0.0044 0.0044 0.0038
230 0.0037 0.0042 0.0042 0.0037
231 0.0036 6.1924 6.1924 0.0036
232 0.0035 0.0023 0.0023 0.0035
233 0.0033 0.0022 0.0022 0.0033
234 0.0032 0.0021 0.0021 0.0032
235 0.0031 0.0021 0.0021 0.0031
236 0.0029 0.0020 0.0020 0.0029
237 0.0028 0.0019 0.0019 0.0028
238 0.0027 0.0018 0.0018 0.0027
239 0.0026 0.0018 0.0018 0.0026
240 0.0025 0.0017 0.0017 0.0025
241 0.0024 0.0016 0.0016 0.0024
242 0.0023 0.0016 0.0016 0.0023
243 0.0022 0.0015 0.0015 0.0022
244 0.0021 0.0015 0.0015 0.0021
245 0.0020 0.0014 0.0014 0.0020
246 0.0019 0.0013 0.0013 0.0019
247 0.0018 0.0013 0.0013 0.0018
248 0.0018 0.0012 0.0012 0.0018
249 0.0017 0.0012 0.0012 0.0017
250 0.0016 0.0011 0.0011 0.0016
251 0.0015 0.0011 0.0011 0.0015
252 0.0015 0.0010 0.0010 0.0015
253 0.0014 0.0010 0.0010 0.0014
254 0.0013 0.0009 0.0009 0.0013
255 0.0013 0.0009 0.0009 0.0013
256 0.0012 0.0009 0.0009 0.0012
257 0.0012 0.0008 0.0008 0.0012
258 0.0011 0.0008 0.0008 0.0011
259 0.0011 0.0008 0.0008 0.0011
260 0.0010 0.0007 0.0007 0.0010
261 0.0010 0.0007 0.0007 0.0010
262 0.0010 0.0007 0.0007 0.0010
263 0.0009 0.0006 0.0006 0.0009
264 0.0009 0.0006 0.0006 0.0009
265 0.0009 0.0006 0.0006 0.0009
266 0.0008 0.0006 0.0006 0.0008
267 0.0008 0.0006 0.0006 0.0008
268 0.0008 0.0006 0.0006 0.0008
269 0.0008 0.0005 0.0005 0.0008
270 0.0008 0.0005 0.0005 0.0008
271 0.0008 0.0005 0.0005 0.0008
272 0.0008 0.0005 0.0005 0.0008
273 0.0008 0.0005 0.0005 0.0008
274 0.0008 0.0005 0.0005 0.0008
275 0.0008 0.0006 0.0006 0.0008
276 0.0009 0.0006 0.0006 0.0009
277 0.0009 0.0006 0.0006 0.0009
278 0.0010 0.0007 0.0007 0.0010
279 0.0011 0.0007 0.0007 0.0011
280 0.0010 0.0007 0.0007 0.0010
281 0.0010 0.0007 0.0007 0.0010
282 0.0010 0.0007 0.0007 0.0010
283 0.0010 0.0007 0.0007 0.0010
284 0.0010 0.0007 0.0007 0.0010
285 0.0010 0.0007 0.0007 0.0010
286 0.0010 0.0007 0.0007 0.0010
287 0.0010 0.0007 0.0007 0.0010
288 0.0010 0.0007 0.0007 0.0010
289 0.0011 0.0007 0.0007 0.0011
290 0.0011 0.0008 0.0008 0.0011
291 0.0011 0.0008 0.0008 0.0011
292 0.0012 0.0008 0.0008 0.0012
293 0.0011 0.0008 0.0008 0.0011
294 0.0011 0.0008 0.0008 0.0011
295 0.0012 0.0008 0.0008 0.0012
296 0.0012 0.0008 0.0008 0.0012
297 0.0012 0.0008 0.0008 0.0012
298 0.0012 0.0008 0.0008 0.0012
299 0.0013 0.0009 0.0009 0.0013
300 0.0014 0.0009 0.0009 0.0014
301 0.0015 0.0010 0.0010 0.0015
302 0.0016 0.0011 0.0011 0.0016
303 0.0016 0.0011 0.0011 0.0016
304 0.0014 0.0009 0.0009 0.0014
305 0.0014 0.0010 0.0010 0.0014
306 0.0015 0.0010 0.0010 0.0015
307 0.0015 0.0010 0.0010 0.0015
308 0.0016 0.0011 0.0011 0.0016
309 0.0016 0.0011 0.0011 0.0016
310 0.0017 0.0011 0.0011 0.0017
311 0.0017 0.0011 0.0011 0.0017
312 0.0017 0.0011 0.0011 0.0017
313 0.0017 0.0011 0.0011 0.0017
314 0.0017 0.0011 0.0011 0.0017
315 0.0016 0.0011 0.0011 0.0016
316 0.0016 0.0011 0.0011 0.0016
317 0.0016 0.0011 0.0011 0.0016
318 0.0016 0.0011 0.0011 0.0016
319 0.0016 0.0011 0.0011 0.0016
320 0.0016 0.0011 0.0011 0.0016
321 0.0016 0.0011 0.0011 0.0016
322 0.0016 0.0011 0.0011 0.0016
323 0.0016 0.0011 0.0011 0.0016
324 0.0016 0.0011 0.0011 0.0016
325 0.0016 0.0011 0.0011 0.0016
326 0.0022 0.0015 0.0014 0.0022
327 0.0022 0.0014 0.0014 0.0022
328 0.0022 0.0014 0.0014 0.0022
329 0.0022 0.0014 0.0014 0.0022
330 0.0022 0.0014 0.0014 0.0022
331 0.0022 0.0014 0.0014 0.0022
332 0.0022 0.0014 0.0014 0.0022
333 0.0022 0.0014 0.0014 0.0022
334 0.0017 0.0011 0.0011 0.0017
335 0.0016 0.0010 0.0010 0.0016
336 0.0016 0.0010 0.0010 0.0016
337 0.0020 0.0012 0.0012 0.0020
338 0.0019 0.0012 0.0012 0.0019
339 0.0018 0.0011 0.0011 0.0018
340 0.0018 0.0011 0.0011 0.0018
341 0.0017 0.0011 0.0011 0.0017
342 0.0017 0.0010 0.0010 0.0017
343 0.0016 0.0010 0.0010 0.0016
344 0.0016 0.0010 0.0010 0.0016
345 0.0016 0.0010 0.0010 0.0016
346 0.0016 0.0010 0.0010 0.0016
347 0.0015 0.0010 0.0010 0.0015
348 0.0015 0.0010 0.0010 0.0015
349 0.0015 0.0010 0.0010 0.0015
350 0.0015 0.0010 0.0010 0.0015
351 0.0015 0.0009 0.0009 0.0015
352 0.0015 0.0009 0.0009 0.0015
353 0.0014 0.0009 0.0009 0.0014
354 0.0014 0.0009 0.0009 0.0014
355 0.0014 0.0009 0.0009 0.0014
356 0.0014 0.0009 0.0009 0.0014
357 0.0014 0.0009 0.0009 0.0014
358 0.0014 0.0009 0.0009 0.0014
359 0.0014 0.0009 0.0009 0.0014
360 0.0014 0.0009 0.0009 0.0014
361 0.0014 0.0009 0.0009 0.0014
362 0.0014 0.0009 0.0009 0.0014
363 0.0014 0.0010 0.0010 0.0014
364 0.0014 0.0010 0.0010 0.0014
365 0.0014 0.0010 0.0010 0.0014
366 0.0014 0.0010 0.0010 0.0014
367 0.0014 0.0010 0.0010 0.0014
368 0.0014 0.0010 0.0010 0.0014
369 0.0014 0.0010 0.0010 0.0014
370 0.0014 0.0010 0.0010 0.0014
371 0.0014 0.0010 0.0010 0.0014
372 0.0014 0.0011 0.0011 0.0014
373 0.0015 0.0011 0.0011 0.0015
374 0.0015 0.0011 0.0011 0.0015
375 0.0015 0.0011 0.0011 0.0015
376 0.0016 0.0012 0.0012 0.0016
377 0.0016 0.0012 0.0012 0.0016
378 0.0017 0.0013 0.0013 0.0017
379 0.0018 0.0014 0.0014 0.0018
380 0.0019 0.0015 0.0015 0.0019
381 0.0021 0.0016 0.0016 0.0021
382 0.0021 0.0016 0.0016 0.0021
383 0.0021 0.0017 0.0017 0.0021
384 0.0021 0.0017 0.0017 0.0021
385 0.0021 0.0017 0.0017 0.0021
386 0.0022 0.0017 0.0017 0.0022
387 0.0019 0.0015 0.0015 0.0019
388 0.0019 0.0016 0.0016 0.0019
389 0.0019 0.0016 0.0016 0.0019
390 0.0019 0.0016 0.0016 0.0019
391 0.0019 0.0016 0.0016 0.0019
392 0.0019 0.0016 0.0016 0.0019
393 0.0019 0.0016 0.0016 0.0019
394 0.0019 0.0016 0.0016 0.0019
395 0.0019 0.0016 0.0016 0.0019
396 0.0019 0.0016 0.0016 0.0019
397 0.0019 0.0016 0.0016 0.0019
398 0.0019 0.0017 0.0017 0.0019
399 0.0019 0.0017 0.0017 0.0019
400 0.0019 0.0017 0.0017 0.0019
401 0.0019 0.0017 0.0017 0.0019
402 0.0020 0.0017 0.0017 0.0020
403 0.0020 0.0017 0.0017 0.0020
404 0.0020 0.0017 0.0017 0.0020
405 0.0020 0.0017 0.0017 0.0020
406 0.0020 0.0018 0.0018 0.0020
407 0.0020 0.0018 0.0018 0.0020
408 0.0020 0.0018 0.0018 0.0020
409 0.0020 0.0018 0.0018 0.0020
410 0.0020 0.0018 0.0018 0.0020
411 0.0020 0.0018 0.0018 0.0020
412 0.0020 0.0018 0.0018 0.0020
413 0.0020 0.0019 0.0018 0.0020
414 0.0020 0.0019 0.0019 0.0020
415 0.0020 0.0019 0.0019 0.0020
416 0.0020 0.0019 0.0019 0.0020
417 0.0020 0.0019 0.0019 0.0020
418 0.0020 0.0019 0.0019 0.0020
419 0.0020 0.0019 0.0019 0.0020
420 0.0020 0.0019 0.0019 0.0020
421 0.0020 0.0019 0.0019 0.0020
422 0.0020 0.0019 0.0019 0.0020
423 0.0020 0.0019 0.0019 0.0020
424 0.0020 0.0019 0.0019 0.0020
425 0.0020 0.0019 0.0019 0.0020
426 0.0019 0.0019 0.0019 0.0019
427 0.0019 0.0019 0.0019 0.0019
428 0.0019 0.0019 0.0019 0.0019
429 0.0019 0.0019 0.0019 0.0019
430 0.0019 0.0019 0.0019 0.0019
431 0.0020 0.0019 0.0019 0.0020
432 0.0019 0.0018 0.0018 0.0019
433 0.0019 0.0018 0.0018 0.0019
434 0.0019 0.0018 0.0018 0.0019
435 0.0019 0.0018 0.0018 0.0019
436 0.0019 0.0018 0.0018 0.0019
437 0.0019 0.0018 0.0018 0.0019
438 0.0019 0.0019 0.0019 0.0019
439 0.0019 0.0019 0.0019 0.0019
440 0.0019 0.0019 0.0019 0.0019
441 0.0019 0.0019 0.0019 0.0019
442 0.0019 0.0019 0.0019 0.0019
443 0.0019 0.0019 0.0019 0.0019
444 0.0019 0.0019 0.0019 0.0019
445 0.0020 0.0020 0.0020 0.0020
446 0.0020 0.0020 0.0020 0.0020
447 0.0020 0.0020 0.0020 0.0020
448 0.0020 0.0020 0.0020 0.0020
449 0.0021 0.0021 0.0021 0.0021
450 0.0021 0.0021 0.0021 0.0021
451 0.0021 0.0022 0.0022 0.0021
452 0.0022 0.0022 0.0022 0.0022
453 0.0022 0.0022 0.0022 0.0022
454 0.0023 0.0023 0.0023 0.0023
455 0.0023 0.0023 0.0023 0.0023
456 0.0024 0.0024 0.0024 0.0024
457 0.0024 0.0024 0.0024 0.0024
458 0.0020 0.0021 0.0021 0.0020
459 0.0021 0.0021 0.0021 0.0021
460 0.0021 0.0021 0.0021 0.0021
461 0.0021 0.0021 0.0021 0.0021
462 0.0021 0.0021 0.0021 0.0021
463 0.0021 0.0021 0.0021 0.0021
464 0.0021 0.0022 0.0022 0.0021
465 0.0021 0.0022 0.0022 0.0021
466 0.0022 0.0022 0.0022 0.0022
467 0.0022 0.0022 0.0022 0.0022
468 0.0020 0.0021 0.0021 0.0020
469 0.0020 0.0021 0.0021 0.0020
470 0.0020 0.0021 0.0021 0.0020
471 0.0020 0.0021 0.0021 0.0020
472 0.0020 0.0021 0.0021 0.0020
473 0.0020 0.0021 0.0021 0.0020
474 0.0020 0.0021 0.0021 0.0020
475 0.0020 0.0021 0.0021 0.0020
476 0.0021 0.0021 0.0021 0.0021
477 0.0021 0.0021 0.0021 0.0021
478 0.0021 0.0021 0.0021 0.0021
479 0.0021 0.0021 0.0021 0.0021
480 0.0021 0.0021 0.0021 0.0021
481 0.0021 0.0021 0.0021 0.0021
482 0.0021 0.0022 0.0022 0.0021
483 0.0021 0.0022 0.0022 0.0021
484 0.0021 0.0022 0.0022 0.0021
485 0.0021 0.0022 0.0022 0.0021
486 0.0021 0.0022 0.0022 0.0021
487 0.0021 0.0022 0.0022 0.0021
488 0.0021 0.0022 0.0022 0.0021
489 0.0021 0.0022 0.0022 0.0021
490 0.0021 0.0022 0.0022 0.0021
491 0.0021 0.0022 0.0022 0.0021
492 0.0021 0.0022 0.0022 0.0021
493 0.0022 0.0023 0.0023 0.0022
494 0.0022 0.0023 0.0023 0.0022
495 0.0022 0.0023 0.0023 0.0022
496 0.0022 0.0023 0.0023 0.0022
497 0.0022 0.0023 0.0023 0.0022
498 0.0022 0.0023 0.0023 0.0022
499 0.0022 0.0023 0.0023 0.0022
500 0.0022 0.0023 0.0023 0.0022
501 0.0022 0.0023 0.0023 0.0022
502 0.0022 0.0023 0.0023 0.0022
503 0.0022 0.0023 0.0023 0.0022
504 0.0022 0.0023 0.0023 0.0022
505 0.0022 0.0023 0.0023 0.0022
506 0.0022 0.0023 0.0023 0.0022
507 0.0022 0.0023 0.0023 0.0022
508 0.0021 0.0023 0.0023 0.0021
509 0.0020 0.0022 0.0022 0.0020
510 0.0020 0.0022 0.0022 0.0020
511 0.0020 0.0022 0.0022 0.0020
512 0.0020 0.0022 0.0022 0.0020
513 0.0020 0.0022 0.0022 0.0020
514 0.0020 0.0022 0.0022 0.0020
515 0.0020 0.0022 0.0022 0.0020
516 0.0020 0.0022 0.0022 0.0020
517 0.0020 0.0022 0.0022 0.0020
518 0.0020 0.0022 0.0022 0.0020
519 0.0020 0.0021 0.0021 0.0020
520 0.0020 0.0021 0.0021 0.0020
521 0.0020 0.0021 0.0021 0.0020
522 0.0020 0.0021 0.0021 0.0020
523 0.0020 0.0021 0.0021 0.0020
524 0.0020 0.0021 0.0021 0.0020
525 0.0020 0.0021 0.0021 0.0020
526 0.0019 0.0021 0.0021 0.0019
527 0.0019 0.0021 0.0021 0.0019
528 0.0019 0.0021 0.0021 0.0019
529 0.0019 0.0021 0.0021 0.0019
530 0.0019 0.0021 0.0021 0.0019
531 0.0019 0.0021 0.0021 0.0019
532 0.0019 0.0020 0.0020 0.0019
533 0.0019 0.0020 0.0020 0.0019
534 0.0019 0.0020 0.0020 0.0019
535 0.0019 0.0020 0.0020 0.0019
536 0.0019 0.0021 0.0021 0.0019
537 0.0019 0.0021 0.0021 0.0019
538 0.0019 0.0021 0.0021 0.0019
539 0.0019 0.0021 0.0021 0.0019
540 0.0019 0.0021 0.0021 0.0019
541 0.0019 0.0021 0.0021 0.0019
542 0.0020 0.0021 0.0021 0.0020
543 0.0020 0.0022 0.0022 0.0020
544 0.0020 0.0022 0.0022 0.0020
545 0.0021 0.0023 0.0023 0.0021
546 0.0021 0.0023 0.0023 0.0021
547 0.0022 0.0024 0.0024 0.0022
548 0.0022 0.0024 0.0024 0.0022
549 0.0023 0.0025 0.0025 0.0023
550 0.0024 0.0026 0.0026 0.0024
551 0.0024 0.0026 0.0026 0.0024
552 0.0025 0.0027 0.0027 0.0025
553 0.0025 0.0028 0.0028 0.0025
554 0.0026 0.0028 0.0028 0.0026
555 0.0026 0.0029 0.0029 0.0026
556 0.0027 0.0029 0.0029 0.0027
557 0.0027 0.0030 0.0030 0.0027
558 0.0027 0.0030 0.0030 0.0027
559 0.0031 0.0034 0.0034 0.0031
560 0.0028 0.0031 0.0031 0.0028
561 0.0026 0.0029 0.0029 0.0026
562 0.0025 0.0028 0.0028 0.0025
563 0.0025 0.0027 0.0027 0.0025
564 0.0024 0.0027 0.0027 0.0024
565 0.0024 0.0027 0.0027 0.0024
566 0.0024 0.0026 0.0026 0.0024
567 0.0024 0.0026 0.0026 0.0024
568 0.0024 0.0026 0.0026 0.0024
569 0.0024 0.0026 0.0026 0.0024
570 0.0024 0.0026 0.0026 0.0024
571 0.0024 0.0026 0.0026 0.0024
572 0.0024 0.0027 0.0027 0.0024
573 0.0024 0.0027 0.0027 0.0024
574 0.0024 0.0027 0.0027 0.0024
575 0.0024 0.0027 0.0027 0.0024
576 0.0025 0.0027 0.0027 0.0025
577 0.0025 0.0027 0.0027 0.0025
578 0.0025 0.0028 0.0028 0.0025
579 0.0025 0.0028 0.0028 0.0025
580 0.0025 0.0028 0.0028 0.0025
581 0.0026 0.0028 0.0028 0.0026
582 0.0026 0.0029 0.0029 0.0026
583 0.0026 0.0029 0.0029 0.0026
584 0.0026 0.0029 0.0029 0.0026
585 0.0027 0.0030 0.0030 0.0027
586 0.0027 0.0030 0.0030 0.0027
587 0.0027 0.0030 0.0030 0.0027
588 0.0027 0.0031 0.0031 0.0027
589 0.0027 0.0031 0.0031 0.0027
590 0.0028 6.4057 6.4175 0.0028
591 0.0028 0.0033 0.0033 0.0028
592 0.0028 0.0033 0.0033 0.0028
593 0.0028 0.0034 0.0034 0.0028
594 0.0029 0.0035 0.0035 0.0029
595 0.0029 0.0035 0.0035 0.0029
596 0.0029 0.0036 0.0036 0.0029
597 0.0029 0.0036 0.0036 0.0029
598 0.0029 0.0037 0.0037 0.0029
599 0.0029 0.0038 0.0038 0.0029
600 0.0030 0.0038 0.0038 0.0030
601 0.0030 0.0039 0.0039 0.0030
602 0.0030 0.0040 0.0039 0.0030
603 0.0030 0.0040 0.0040 0.0030
604 0.0030 0.0040 0.0040 0.0030
605 0.0030 0.0041 0.0041 0.0030
606 0.0034 0.0045 0.0045 0.0034
607 0.0033 0.0045 0.0045 0.0033
608 0.0033 0.0045 0.0045 0.0033
609 0.0033 0.0045 0.0045 0.0033
610 0.0033 0.0045 0.0045 0.0033
611 0.0033 0.0045 0.0045 0.0033
612 0.0033 0.0046 0.0046 0.0033
613 0.0033 0.0046 0.0046 0.0033
614 0.0033 0.0046 0.0046 0.0033
615 0.0033 0.0046 0.0046 0.0033
616 0.0033 0.0046 0.0046 0.0033
617 0.0033 0.0046 0.0046 0.0033
618 0.0043 0.0061 0.0061 0.0043
619 0.0035 0.0049 0.0049 0.0035
620 0.0032 0.0045 0.0045 0.0032
621 0.0031 0.0043 0.0043 0.0031
622 0.0030 0.0042 0.0042 0.0030
623 0.0030 0.0042 0.0042 0.0030
624 0.0029 0.0041 0.0041 0.0029
625 0.0029 0.0041 0.0041 0.0029
626 0.0029 0.0041 0.0041 0.0029
627 0.0030 0.0041 0.0041 0.0030
628 0.0030 0.0041 0.0041 0.0030
629 0.0030 0.0041 0.0041 0.0030
630 0.0030 0.0041 0.0041 0.0030
631 0.0030 0.0041 0.0041 0.0030
632 0.0029 0.0040 0.0040 0.0029
633 0.0028 0.0038 0.0038 0.0028
634 0.0028 0.0037 0.0037 0.0028
635 0.0027 0.0036 0.0036 0.0027
636 0.0026 0.0035 0.0035 0.0026
637 0.0026 0.0034 0.0034 0.0026
638 0.0025 0.0033 0.0033 0.0025
639 0.0025 0.0032 0.0032 0.0025
640 0.0024 0.0031 0.0031 0.0024
641 0.0024 0.0030 0.0030 0.0024
642 0.0024 0.0030 0.0030 0.0024
643 0.0023 0.0029 0.0029 0.0023
644 0.0023 0.0028 0.0028 0.0023
645 0.0025 0.0030 0.0030 0.0025
646 0.0025 0.0029 0.0029 0.0025
647 0.0024 0.0028 0.0028 0.0024
648 0.0024 0.0028 0.0028 0.0024
649 0.0023 0.0027 0.0027 0.0023
650 0.0023 0.0026 0.0026 0.0023
651 0.0023 0.0025 0.0025 0.0023
652 0.0022 0.0025 0.0025 0.0022
653 0.0022 0.0024 0.0024 0.0022
654 0.0022 0.0024 0.0024 0.0022
655 0.0022 0.0023 0.0023 0.0022
656 0.0022 0.0023 0.0023 0.0022
657 0.0022 0.0023 0.0023 0.0022
658 0.0022 0.0022 0.0022 0.0022
659 0.0022 0.0022 0.0022 0.0022
660 0.0022 0.0022 0.0022 0.0022
661 0.0022 0.0022 0.0022 0.0022
662 0.0022 0.0022 0.0022 0.0022
663 0.0023 0.0022 0.0022 0.0023
664 0.0023 0.0023 0.0023 0.0023
665 0.0024 0.0023 0.0023 0.0024
666 0.0025 0.0024 0.0024 0.0025
667 0.0026 0.0025 0.0025 0.0026
668 0.0027 0.0026 0.0026 0.0027
669 0.0029 0.0028 0.0028 0.0029
670 0.0032 0.0031 0.0031 0.0032
671 0.0035 0.0034 0.0034 0.0035
672 0.0040 0.0039 0.0039 0.0040
673 0.0040 0.0039 0.0039 0.0040
674 0.0037 0.0036 0.0036 0.0037
675 0.0035 0.0034 0.0034 0.0035
676 0.0034 0.0033 0.0033 0.0034
677 0.0033 0.0033 0.0033 0.0033
678 0.0033 0.0033 0.0033 0.0033
679 0.0033 0.0033 0.0033 0.0033
680 0.0033 0.0033 0.0033 0.0033
681 0.0034 0.0034 0.0034 0.0034
682 0.0034 0.0034 0.0034 0.0034
683 0.0034 0.0034 0.0034 0.0034
684 0.0034 0.0034 0.0034 0.0034
685 0.0034 0.0035 0.0035 0.0034
686 0.0034 0.0035 0.0035 0.0034
687 0.0035 0.0035 0.0035 0.0035
688 0.0035 0.0036 0.0036 0.0035
689 0.0035 0.0036 0.0036 0.0035
690 0.0036 0.0037 0.0037 0.0036
691 0.0036 0.0037 0.0037 0.0036
692 0.0037 0.0038 0.0038 0.0037
693 0.0037 0.0038 0.0038 0.0037
694 0.0037 0.0039 0.0039 0.0037
695 0.0038 0.0039 0.0039 0.0038
696 0.0038 0.0040 0.0040 0.0038
697 0.0039 0.0040 0.0040 0.0039
698 0.0039 0.0041 0.0041 0.0039
699 0.0039 0.0041 0.0041 0.0039
700 0.0040 0.0042 0.0042 0.0040
701 0.0040 0.0042 0.0042 0.0040
702 0.0040 0.0043 0.0043 0.0040
703 0.0041 0.0043 0.0043 0.0041
704 0.0041 0.0043 0.0043 0.0041
705 0.0041 0.0044 0.0044 0.0041
706 0.0041 0.0044 0.0044 0.0041
707 0.0041 0.0044 0.0044 0.0041
708 0.0042 0.0044 0.0044 0.0042
709 0.0042 0.0045 0.0045 0.0042
710 0.0042 0.0045 0.0045 0.0042
711 0.0042 0.0045 0.0045 0.0042
712 0.0042 0.0045 0.0045 0.0042
713 0.0053 0.0056 0.0056 0.0053
714 0.0053 0.0057 0.0057 0.0053
715 0.0043 0.0047 0.0047 0.0043
716 0.0040 0.0043 0.0043 0.0040
717 0.0038 0.0042 0.0042 0.0038
718 0.0037 0.0041 0.0041 0.0037
719 0.0037 0.0040 0.0040 0.0037
720 0.0036 0.0040 0.0040 0.0036
721 0.0036 0.0039 0.0039 0.0036
722 0.0036 0.0039 0.0039 0.0036
723 0.0036 0.0039 0.0039 0.0036
724 0.0036 0.0039 0.0039 0.0036
725 0.0036 0.0040 0.0040 0.0036
726 0.0036 0.0040 0.0040 0.0036
727 0.0037 0.0040 0.0040 0.0037
728 0.0037 0.0040 0.0040 0.0037
729 0.0037 0.0040 0.0040 0.0037
730 0.0037 0.0041 0.0041 0.0037
731 0.0038 0.0041 0.0041 0.0038
732 0.0038 0.0042 0.0042 0.0038
733 0.0038 0.0042 0.0042 0.0038
734 0.0039 0.0043 0.0043 0.0039
735 0.0043 0.0047 0.0047 0.0043
736 0.0043 0.0047 0.0047 0.0043
737 0.0043 0.0047 0.0047 0.0043
738 0.0043 0.0047 0.0047 0.0043
739 0.0043 0.0048 0.0048 0.0043
740 0.0043 0.0048 0.0048 0.0043
741 0.0044 0.0048 0.0048 0.0044
742 0.0044 0.0049 0.0049 0.0044
743 0.0044 0.0049 0.0049 0.0044
744 0.0045 0.0050 0.0050 0.0045
745 0.0045 0.0050 0.0050 0.0045
746 0.0046 0.0051 0.0051 0.0046
747 0.0046 0.0051 0.0051 0.0046
748 0.0047 3.9650 0.0052 0.0047
749 0.0039 0.0038 3.9906 0.0039
750 0.0037 0.0036 0.0036 0.0037
751 0.0048 0.0046 0.0046 0.0048
752 0.0048 0.0047 0.0046 0.0048
753 0.0048 0.0047 0.0047 0.0048
754 0.0049 0.0047 0.0047 0.0049
755 0.0049 0.0048 0.0048 0.0049
756 0.0058 0.0057 0.0057 0.0058
757 0.0057 0.0056 0.0056 0.0057
758 0.0050 0.0049 0.0049 0.0050
759 0.0047 0.0047 0.0047 0.0047
760 0.0045 0.0045 0.0045 0.0045
761 0.0044 0.0044 0.0044 0.0044
762 0.0044 0.0044 0.0044 0.0044
763 0.0043 0.0044 0.0044 0.0043
764 0.0043 0.0044 0.0044 0.0043
765 0.0043 0.0044 0.0044 0.0043
766 0.0043 0.0044 0.0044 0.0043
767 0.0043 0.0044 0.0044 0.0043
768 0.0043 0.0044 0.0044 0.0043
769 0.0043 0.0044 0.0044 0.0043
770 0.0043 0.0044 0.0044 0.0043
771 0.0044 0.0045 0.0045 0.0044
772 0.0044 0.0045 0.0045 0.0044
773 0.0044 0.0045 0.0045 0.0044
774 0.0044 0.0046 0.0045 0.0044
775 0.0044 0.0046 0.0046 0.0044
776 0.0045 0.0046 0.0046 0.0045
777 0.0045 0.0047 0.0047 0.0045
778 0.0045 0.0047 0.0047 0.0045
779 0.0046 0.0047 0.0047 0.0046
780 0.0046 0.0048 0.0048 0.0046
781 0.0046 0.0048 0.0048 0.0046
782 0.0047 0.0049 0.0049 0.0047
783 0.0047 0.0049 0.0049 0.0047
784 0.0048 0.0050 0.0050 0.0048
785 0.0048 0.0050 0.0050 0.0048
786 0.0049 0.0051 0.0051 0.0049
787 0.0059 0.0062 0.0062 0.0059
788 0.0057 0.0060 0.0060 0.0057
789 0.0056 0.0058 0.0058 0.0056
790 0.0055 0.0058 0.0058 0.0055
791 0.0054 0.0057 0.0057 0.0054
792 0.0054 0.0057 0.0057 0.0054
793 0.0054 0.0057 0.0057 0.0054
794 0.0054 0.0058 0.0058 0.0054
795 0.0055 0.0058 0.0058 0.0055
796 0.0055 0.0058 0.0058 0.0055
797 0.0055 0.0059 0.0058 0.0055
798 0.0055 0.0059 0.0059 0.0055
799 0.0070 0.0075 0.0075 0.0070
800 0.0059 0.0063 0.0063 0.0059
801 0.0056 0.0059 0.0059 0.0056
802 0.0054 0.0057 0.0057 0.0054
803 0.0053 0.0057 0.0057 0.0053
804 0.0053 0.0056 0.0056 0.0053
805 0.0052 0.0056 0.0056 0.0052
806 0.0052 0.0056 0.0056 0.0053
807 0.0053 0.0056 0.0056 0.0053
808 0.0053 0.0057 0.0057 0.0053
809 0.0053 0.0057 0.0057 0.0053
810 0.0053 0.0057 0.0057 0.0053
811 0.0053 0.0057 0.0057 0.0053
812 0.0054 0.0058 0.0058 0.0054
813 0.0054 0.0058 0.0058 0.0054
814 0.0054 0.0058 0.0058 0.0054
815 0.0054 0.0059 0.0059 0.0054
816 0.0055 0.0059 0.0059 0.0055
817 0.0055 0.0059 0.0059 0.0055
818 0.0054 2.6850 2.8056 0.0054
819 0.0056 0.0055 0.0055 0.0056
820 0.0056 0.0056 0.0055 0.0056
821 0.0056 0.0056 0.0056 0.0056
822 0.0056 0.0056 0.0056 0.0056
823 0.0057 0.0057 0.0056 0.0057
824 0.0074 0.0074 0.0074 0.0074
825 0.0077 0.0077 0.0077 0.0077
826 0.0065 0.0066 0.0065 0.0065
827 0.0058 0.0059 0.0059 0.0058
828 0.0055 0.0056 0.0056 0.0055
829 0.0054 0.0055 0.0055 0.0054
830 0.0053 0.0054 0.0054 0.0053
831 0.0053 0.0054 0.0054 0.0053
832 0.0053 0.0054 0.0054 0.0053
833 0.0053 0.0054 0.0054 0.0053
834 0.0053 0.0054 0.0054 0.0053
835 0.0053 0.0055 0.0054 0.0053
836 0.0053 0.0055 0.0055 0.0054
837 0.0054 0.0056 0.0055 0.0054
838 0.0061 0.0063 0.0062 0.0061
839 0.0060 0.0061 0.0061 0.0060
840 0.0059 0.0061 0.0060 0.0059
841 0.0059 0.0060 0.0060 0.0059
842 0.0058 0.0061 0.0060 0.0059
843 0.0059 0.0061 0.0060 0.0059
844 0.0059 0.0061 0.0061 0.0059
845 0.0059 0.0062 0.0061 0.0059
846 0.0060 0.0062 0.0062 0.0060
847 0.0060 0.0063 0.0062 0.0060
848 0.0061 0.0063 0.0063 0.0061
849 0.0061 0.0064 0.0063 0.0061
850 0.0062 0.0064 0.0064 0.0062
851 0.0062 0.0065 0.0065 0.0062
852 0.0063 0.0065 0.0065 0.0063
853 0.0063 0.0066 0.0066 0.0063
854 0.0063 0.0067 0.0066 0.0063
855 0.0064 0.0067 0.0067 0.0064
856 0.0064 0.0068 0.0067 0.0064
857 0.0065 0.0068 0.0068 0.0065
858 0.0065 0.0069 0.0068 0.0065
859 0.0066 0.0069 0.0069 0.0066
860 0.0066 0.0069 0.0069 0.0066
861 0.0066 0.0070 0.0070 0.0066
862 0.0067 0.0070 0.0070 0.0067
863 0.0054 3.9848 0.0057 0.0054
864 0.0042 0.0039 0.0044 0.0042
865 0.0054 0.0050 3.9587 0.0054
866 0.0042 0.0039 0.0039 0.0042
867 0.0068 0.0062 0.0062 0.0068
868 0.0077 0.0071 0.0070 0.0077
869 0.0076 0.0070 0.0069 0.0076
870 0.0078 0.0072 0.0071 0.0078
871 0.0067 0.0062 0.0062 0.0067
872 0.0063 0.0059 0.0059 0.0063
873 0.0061 0.0057 0.0057 0.0061
874 0.0060 0.0057 0.0056 0.0060
875 0.0060 0.0056 0.0056 0.0060
876 0.0060 0.0056 0.0056 0.0060
877 0.0060 0.0056 0.0056 0.0060
878 0.0060 0.0057 0.0056 0.0060
879 0.0060 0.0057 0.0057 0.0060
880 0.0060 0.0057 0.0057 0.0060
881 0.0061 0.0058 0.0057 0.0061
882 0.0061 0.0058 0.0058 0.0061
883 0.0062 0.0059 0.0059 0.0062
884 0.0062 0.0060 0.0059 0.0062
885 0.0063 0.0060 0.0060 0.0063
886 0.0063 0.0061 0.0061 0.0063
887 0.0064 0.0062 0.0062 0.0064
888 0.0078 0.0075 0.0075 0.0078
889 0.0074 0.0072 0.0071 0.0074
890 0.0072 0.0070 0.0070 0.0072
891 0.0071 0.0069 0.0069 0.0071
892 0.0071 0.0069 0.0069 0.0071
893 0.0071 0.0069 0.0069 0.0071
894 0.0071 0.0069 0.0069 0.0071
895 0.0071 0.0070 0.0070 0.0071
896 0.0072 0.0070 0.0070 0.0072
897 0.0072 0.0071 0.0071 0.0072
898 0.0073 0.0072 0.0071 0.0073
899 0.0073 0.0072 0.0072 0.0073
900 0.0074 0.0073 0.0073 0.0074
901 0.0075 0.0074 0.0074 0.0075
902 0.0075 0.0075 0.0074 0.0075
903 0.0076 0.0075 0.0075 0.0076
904 0.0076 0.0076 0.0076 0.0076
905 0.0077 0.0077 0.0076 0.0077
906 0.0077 0.0077 0.0077 0.0077
907 0.0078 0.0078 0.0078 0.0078
908 0.0078 0.0079 0.0078 0.0079
909 0.0079 0.0079 0.0079 0.0079
910 0.0079 0.0080 0.0079 0.0079
911 0.0133 0.0134 0.0133 0.0133
912 0.0097 0.0098 0.0098 0.0098
913 0.0081 0.0082 0.0082 0.0081
914 0.0076 0.0076 0.0076 0.0076
915 0.0072 0.0073 0.0072 0.0072
916 0.0071 0.0071 0.0071 0.0071
917 0.0070 0.0071 0.0070 0.0070
918 0.0069 0.0070 0.0070 0.0069
919 0.0069 0.0070 0.0070 0.0069
920 0.0068 0.0069 0.0069 0.0068
921 0.0068 0.0069 0.0069 0.0068
922 0.0068 0.0069 0.0069 0.0068
923 0.0068 0.0070 0.0069 0.0068
924 0.0069 0.0070 0.0070 0.0069
925 0.0069 0.0071 0.0070 0.0069
926 0.0070 0.0071 0.0071 0.0070
927 0.0070 0.0072 0.0072 0.0070
928 0.0071 0.0073 0.0072 0.0071
929 0.0072 0.0074 0.0073 0.0072
930 0.0073 0.0074 0.0074 0.0073
931 0.0073 0.0075 0.0075 0.0073
932 0.0074 0.0076 0.0076 0.0074
933 0.0058 3.9592 0.0060 0.0058
934 0.0046 0.0041 0.0047 0.0046
935 0.0074 0.0065 0.0076 0.0074
936 0.0058 0.0051 3.9649 0.0058
937 0.0046 0.0041 0.0041 0.0046
938 0.0074 0.0066 0.0066 0.0074
939 0.0086 0.0076 0.0076 0.0086
940 0.0085 0.0076 0.0075 0.0085
941 0.0084 0.0075 0.0075 0.0084
942 0.0084 0.0076 0.0075 0.0084
943 0.0085 0.0076 0.0076 0.0085
944 0.0085 0.0077 0.0076 0.0085
945 0.0086 0.0078 0.0077 0.0086
946 0.0086 0.0079 0.0078 0.0086
947 0.0087 0.0080 0.0079 0.0087
948 0.0088 0.0081 0.0080 0.0088
949 0.0088 0.0082 0.0081 0.0088
950 0.0089 0.0083 0.0082 0.0089
951 0.0090 0.0083 0.0083 0.0090
952 0.0091 0.0084 0.0084 0.0091
953 0.0092 0.0085 0.0085 0.0092
954 0.0092 0.0086 0.0086 0.0092
955 0.0093 0.0087 0.0087 0.0093
956 0.0094 0.0088 0.0088 0.0094
957 0.0134 0.0126 0.0125 0.0134
958 0.0099 0.0094 0.0093 0.0099
959 0.0098 0.0093 0.0092 0.0098
960 0.0088 0.0083 0.0083 0.0088
961 0.0083 0.0079 0.0079 0.0083
962 0.0082 0.0078 0.0078 0.0082
963 0.0081 0.0077 0.0077 0.0081
964 0.0080 0.0077 0.0077 0.0080
965 0.0080 0.0077 0.0077 0.0080
966 0.0080 0.0077 0.0077 0.0080
967 0.0081 0.0078 0.0077 0.0081
968 0.0081 0.0078 0.0078 0.0081
969 0.0082 0.0079 0.0078 0.0082
970 0.0082 0.0079 0.0079 0.0082
971 0.0083 0.0080 0.0080 0.0083
972 0.0083 0.0081 0.0080 0.0083
973 0.0084 0.0082 0.0081 0.0084
974 0.0085 0.0082 0.0082 0.0085
975 0.0086 0.0083 0.0083 0.0086
976 0.0087 0.0084 0.0084 0.0087
977 0.0087 0.0085 0.0085 0.0087
978 0.0088 0.0086 0.0086 0.0088
979 0.0089 0.0087 0.0087 0.0089
980 0.0090 0.0088 0.0088 0.0090
981 0.0091 0.0089 0.0089 0.0091
982 0.0092 0.0090 0.0090 0.0092
983 0.0093 0.0091 0.0091 0.0093
984 0.0106 0.0105 0.0104 0.0106
985 0.0106 0.0104 0.0104 0.0106
986 0.0102 0.0101 0.0101 0.0102
987 0.0101 0.0100 0.0099 0.0101
988 0.0101 0.0099 0.0099 0.0101
989 0.0101 0.0100 0.0099 0.0101
990 0.0101 0.0100 0.0100 0.0101
991 0.0102 0.0101 0.0101 0.0102
992 0.0103 0.0102 0.0101 0.0103
993 0.0103 0.0103 0.0102 0.0103
994 0.0104 0.0104 0.0103 0.0104
995 0.0105 0.0105 0.0105 0.0105
996 0.0106 0.0106 0.0106 0.0106
997 0.0107 0.0107 0.0107 0.0107
998 0.0108 0.0108 0.0108 0.0108
999 0.0110 0.0110 0.0109 0.0110
1000 0.0068 0.0068 0.0068 0.0068
1001 0.0095 0.0095 0.0095 0.0095
1002 0.0068 0.0068 0.0068 0.0068
1003 0.0147 0.0148 0.0147 0.0147
1004 0.0110 0.0110 0.0110 0.0110
1005 0.0104 0.0105 0.0105 0.0104
1006 0.0064 3.9760 0.0064 0.0064
1007 0.0048 0.0041 0.0048 0.0048
1008 0.0076 0.0066 0.0077 0.0076
1009 0.0064 0.0055 3.9633 0.0064
1010 0.0048 0.0041 0.0042 0.0048
1011 0.0077 0.0066 0.0066 0.0077
1012 0.0103 0.0089 0.0088 0.0103
1013 0.0103 0.0089 0.0088 0.0103
1014 0.0105 0.0091 0.0090 0.0105
1015 0.0106 0.0093 0.0092 0.0106
1016 0.0107 0.0094 0.0093 0.0107
1017 0.0108 0.0095 0.0094 0.0108
1018 0.0109 0.0097 0.0096 0.0109
1019 0.0110 0.0098 0.0097 0.0110
1020 0.0111 0.0099 0.0099 0.0111
1021 0.0112 0.0101 0.0100 0.0112
1022 0.0113 0.0102 0.0101 0.0113
1023 0.0114 0.0103 0.0102 0.0114
1024 0.0116 0.0104 0.0104 0.0116
1025 0.0117 0.0106 0.0105 0.0117
1026 0.0118 0.0107 0.0106 0.0118
1027 0.0119 0.0108 0.0108 0.0119
1028 0.0120 0.0110 0.0109 0.0120
1029 0.0121 0.0111 0.0110 0.0121
1030 0.0167 0.0154 0.0153 0.0167
1031 0.0125 0.0115 0.0114 0.0125
1032 0.0119 0.0110 0.0110 0.0119
1033 0.0107 0.0099 0.0098 0.0107
1034 0.0102 0.0095 0.0095 0.0102
1035 0.0108 0.0101 0.0101 0.0108
1036 0.0103 0.0097 0.0096 0.0103
1037 0.0101 0.0095 0.0094 0.0101
1038 0.0101 0.0094 0.0094 0.0101
1039 0.0101 0.0094 0.0094 0.0101
1040 0.0101 0.0095 0.0095 0.0101
1041 0.0102 0.0096 0.0095 0.0102
1042 0.0103 0.0097 0.0096 0.0103
1043 0.0104 0.0098 0.0098 0.0104
1044 0.0105 0.0099 0.0099 0.0105
1045 0.0106 0.0101 0.0100 0.0106
1046 0.0108 0.0102 0.0102 0.0108
1047 0.0109 0.0104 0.0103 0.0109
1048 0.0111 0.0105 0.0105 0.0111
1049 0.0112 0.0107 0.0106 0.0112
1050 0.0114 0.0109 0.0108 0.0114
1051 0.0116 0.0110 0.0110 0.0116
1052 0.0117 0.0112 0.0112 0.0117
1053 0.0119 0.0114 0.0113 0.0119
1054 0.0121 0.0116 0.0115 0.0121
1055 0.0122 0.0117 0.0117 0.0122
1056 0.0124 0.0119 0.0119 0.0124
1057 0.0126 0.0121 0.0121 0.0126
1058 0.0128 0.0123 0.0123 0.0128
1059 0.0129 0.0125 0.0124 0.0129
1060 0.0131 0.0127 0.0126 0.0131
1061 0.0133 0.0129 0.0128 0.0133
1062 0.0135 0.0131 0.0130 0.0135
1063 0.0136 0.0133 0.0132 0.0136
1064 0.0138 0.0134 0.0134 0.0138
1065 0.0140 0.0136 0.0136 0.0140
1066 0.0142 0.0138 0.0138 0.0142
1067 0.0144 0.0140 0.0140 0.0144
1068 0.0146 0.0142 0.0142 0.0146
1069 0.0147 0.0144 0.0144 0.0147
1070 0.0149 0.0146 0.0146 0.0149
1071 0.0151 0.0148 0.0148 0.0151
1072 0.0153 0.0151 0.0150 0.0153
1073 0.0155 0.0153 0.0152 0.0155
1074 0.0157 0.0155 0.0154 0.0157
1075 0.0183 0.0181 0.0180 0.0183
1076 0.0135 0.0133 0.0133 0.0135
1077 0.0142 0.0141 0.0140 0.0142
1078 0.0125 0.0124 0.0124 0.0125
1079 0.0120 0.0119 0.0119 0.0121
1080 0.0119 0.0118 0.0117 0.0119
1081 0.0061 3.9653 0.0061 0.0061
1082 0.0049 0.0043 0.0049 0.0049
1083 0.0080 0.0068 0.0079 0.0080
1084 0.0127 0.0108 0.0126 0.0127
1085 0.0061 0.0052 3.9668 0.0061
1086 0.0049 0.0042 0.0043 0.0049
1087 0.0080 0.0068 0.0069 0.0080
1088 0.0124 0.0106 0.0105 0.0124
1089 0.0124 0.0107 0.0106 0.0125
1090 0.0126 0.0108 0.0107 0.0126
1091 0.0127 0.0110 0.0109 0.0127
1092 0.0129 0.0111 0.0110 0.0129
1093 0.0131 0.0113 0.0112 0.0131
1094 0.0132 0.0115 0.0114 0.0132
1095 0.0135 0.0117 0.0116 0.0135
1096 0.0137 0.0120 0.0119 0.0137
1097 0.0139 0.0122 0.0121 0.0139
1098 0.0141 0.0124 0.0123 0.0141
1099 0.0143 0.0126 0.0125 0.0143
1100 0.0145 0.0129 0.0128 0.0145
1101 0.0147 0.0131 0.0130 0.0148
1102 0.0150 0.0133 0.0132 0.0150
1103 0.0152 0.0136 0.0135 0.0152
1104 0.0155 0.0138 0.0138 0.0155
1105 0.0157 0.0141 0.0140 0.0157
1106 0.0160 0.0144 0.0143 0.0160
1107 0.0162 0.0146 0.0145 0.0162
1108 0.0164 0.0149 0.0148 0.0164
1109 0.0167 0.0151 0.0151 0.0167
1110 0.0170 0.0154 0.0153 0.0170
1111 0.0172 0.0157 0.0156 0.0172
1112 0.0175 0.0160 0.0159 0.0175
1113 0.0177 0.0163 0.0162 0.0177
1114 0.0180 0.0166 0.0165 0.0180
1115 0.0183 0.0168 0.0168 0.0183
1116 0.0186 0.0172 0.0171 0.0186
1117 0.0188 0.0174 0.0173 0.0188
1118 0.0193 0.0179 0.0178 0.0193
1119 0.0192 0.0179 0.0178 0.0192
1120 0.0202 0.0188 0.0187 0.0202
1121 0.0132 0.0124 0.0123 0.0132
1122 0.0118 0.0110 0.0109 0.0118
1123 0.0136 0.0127 0.0127 0.0136
1124 0.0111 0.0104 0.0104 0.0111
1125 0.0140 0.0131 0.0130 0.0140
1126 0.0106 0.0100 0.0099 0.0106
1127 0.0143 0.0135 0.0134 0.0143
1128 0.0102 0.0096 0.0095 0.0102
1129 0.0123 0.0116 0.0116 0.0123
1130 0.0199 0.0188 0.0187 0.0199
1131 0.0149 0.0141 0.0140 0.0149
1132 0.0143 0.0135 0.0135 0.0143
1133 0.0142 0.0134 0.0134 0.0142
1134 0.0151 0.0143 0.0143 0.0151
1135 0.0147 0.0140 0.0139 0.0147
1136 0.0147 0.0140 0.0139 0.0147
1137 0.0148 0.0141 0.0141 0.0148
1138 0.0150 0.0143 0.0143 0.0150
1139 0.0153 0.0146 0.0145 0.0153
1140 0.0156 0.0149 0.0148 0.0156
1141 0.0159 0.0152 0.0151 0.0159
1142 0.0162 0.0155 0.0155 0.0162
1143 0.0165 0.0159 0.0158 0.0165
1144 0.0169 0.0162 0.0162 0.0169
1145 0.0173 0.0166 0.0165 0.0173
1146 0.0176 0.0170 0.0169 0.0176
1147 0.0180 0.0174 0.0173 0.0180
1148 0.0184 0.0178 0.0177 0.0184
1149 0.0184 0.0177 0.0177 0.0184
1150 0.0108 0.0105 0.0104 0.0108
1151 0.0181 0.0175 0.0175 0.0181
1152 0.0109 0.0106 0.0106 0.0109
1153 0.0177 0.0172 0.0171 0.0177
1154 0.0110 0.0107 0.0107 0.0110
1155 0.0174 0.0169 0.0168 0.0174
1156 0.0111 0.0109 0.0108 0.0111
1157 0.0170 0.0166 0.0165 0.0171
1158 0.0113 0.0110 0.0109 0.0113
1159 0.0167 0.0163 0.0162 0.0167
1160 0.0114 0.0111 0.0111 0.0114
1161 0.0164 0.0160 0.0160 0.0164
1162 0.0115 0.0112 0.0112 0.0115
1163 0.0161 0.0158 0.0157 0.0161
1164 0.0116 0.0114 0.0113 0.0116
1165 0.0159 0.0155 0.0155 0.0159
1166 0.0117 0.0115 0.0115 0.0117
1167 0.0156 0.0153 0.0153 0.0156
1168 0.0118 0.0116 0.0116 0.0118
1169 0.0154 0.0151 0.0151 0.0154
1170 0.0119 0.0117 0.0117 0.0119
1171 0.0152 0.0149 0.0149 0.0152
1172 0.0120 0.0119 0.0118 0.0120
1173 0.0149 0.0147 0.0147 0.0150
1174 0.0121 0.0120 0.0119 0.0121
1175 0.0147 0.0145 0.0145 0.0148
1176 0.0122 0.0121 0.0121 0.0122
1177 0.0146 0.0144 0.0143 0.0146
1178 0.0123 0.0122 0.0122 0.0123
1179 0.0144 0.0142 0.0142 0.0144
1180 0.0065 3.9492 0.0064 0.0065
1181 0.0055 0.0047 0.0055 0.0055
1182 0.0091 0.0076 0.0090 0.0091
1183 0.0201 0.0167 0.0199 0.0201
1184 0.0167 0.0139 0.0165 0.0167
1185 0.0065 0.0054 3.9449 0.0065
1186 0.0056 0.0047 0.0047 0.0056
1187 0.0092 0.0077 0.0077 0.0092
1188 0.0205 0.0173 0.0170 0.0205
1189 0.0169 0.0144 0.0141 0.0169
1190 0.0208 0.0177 0.0175 0.0208
1191 0.0222 0.0190 0.0187 0.0223
1192 0.0250 0.0214 0.0212 0.0250
1193 0.0254 0.0219 0.0216 0.0254
1194 0.0286 0.0248 0.0245 0.0286
1195 0.0244 0.0212 0.0210 0.0244
1196 0.0105 0.0092 0.0091 0.0105
1197 0.0239 0.0209 0.0207 0.0239
1198 0.0157 0.0137 0.0136 0.0157
1199 0.0101 0.0089 0.0088 0.0101
1200 0.0152 0.0134 0.0133 0.0152
1201 0.0101 0.0089 0.0088 0.0101
1202 0.0149 0.0132 0.0131 0.0149
1203 0.0101 0.0090 0.0089 0.0101
1204 0.0147 0.0130 0.0129 0.0147
1205 0.0101 0.0090 0.0089 0.0101
1206 0.0144 0.0128 0.0127 0.0144
1207 0.0101 0.0090 0.0089 0.0101
1208 0.0142 0.0126 0.0125 0.0142
1209 0.0101 0.0090 0.0090 0.0101
1210 0.0139 0.0125 0.0124 0.0139
1211 0.0101 0.0090 0.0090 0.0101
1212 0.0137 0.0123 0.0122 0.0137
1213 0.0101 0.0090 0.0090 0.0101
1214 0.0135 0.0121 0.0120 0.0135
1215 0.0101 0.0090 0.0090 0.0101
1216 0.0133 0.0120 0.0119 0.0133
1217 0.0100 0.0090 0.0090 0.0100
1218 0.0097 0.0088 0.0087 0.0097
1219 0.0096 0.0086 0.0086 0.0096
1220 0.0162 0.0146 0.0146 0.0162
1221 0.0180 0.0163 0.0162 0.0180
1222 0.0173 0.0156 0.0156 0.0173
1223 0.0173 0.0157 0.0156 0.0173
1224 0.0174 0.0158 0.0157 0.0174
1225 0.0178 0.0161 0.0160 0.0178
1226 0.0182 0.0166 0.0165 0.0182
1227 0.0187 0.0171 0.0170 0.0187
1228 0.0193 0.0176 0.0175 0.0193
1229 0.0199 0.0182 0.0181 0.0199
1230 0.0206 0.0189 0.0188 0.0206
1231 0.0160 0.0147 0.0146 0.0160
1232 0.0104 0.0096 0.0095 0.0104
1233 0.0160 0.0147 0.0146 0.0160
1234 0.0105 0.0096 0.0096 0.0104
1235 0.0159 0.0147 0.0146 0.0159
1236 0.0105 0.0097 0.0096 0.0105
1237 0.0158 0.0146 0.0145 0.0158
1238 0.0105 0.0097 0.0096 0.0105
1239 0.0157 0.0145 0.0145 0.0157
1240 0.0105 0.0097 0.0097 0.0105
1241 0.0156 0.0145 0.0144 0.0156
1242 0.0105 0.0098 0.0097 0.0105
1243 0.0155 0.0144 0.0143 0.0155
1244 0.0106 0.0098 0.0098 0.0106
1245 0.0154 0.0143 0.0142 0.0154
1246 0.0106 0.0098 0.0098 0.0106
1247 0.0158 0.0147 0.0146 0.0158
1248 0.0103 0.0096 0.0095 0.0103
1249 0.0160 0.0149 0.0148 0.0160
1250 0.0102 0.0096 0.0095 0.0102
1251 0.0157 0.0147 0.0146 0.0157
1252 0.0103 0.0097 0.0096 0.0103
1253 0.0152 0.0142 0.0141 0.0152
1254 0.0105 0.0098 0.0098 0.0105
1255 0.0146 0.0136 0.0136 0.0146
1256 0.0108 0.0101 0.0100 0.0108
1257 0.0139 0.0131 0.0130 0.0139
1258 0.0110 0.0104 0.0103 0.0110
1259 0.0133 0.0125 0.0125 0.0133
1260 0.0113 0.0107 0.0106 0.0113
1261 0.0128 0.0120 0.0120 0.0128
1262 0.0116 0.0110 0.0109 0.0117
1263 0.0122 0.0115 0.0114 0.0122
1264 0.0123 0.0116 0.0116 0.0123
1265 0.0114 0.0108 0.0107 0.0114
1266 0.0131 0.0124 0.0123 0.0131
1267 0.0107 0.0101 0.0101 0.0107
1268 0.0140 0.0133 0.0132 0.0140
1269 0.0101 0.0096 0.0095 0.0101
1270 0.0151 0.0143 0.0142 0.0151
1271 0.0096 0.0091 0.0090 0.0096
1272 0.0164 0.0155 0.0155 0.0164
1273 0.0091 0.0086 0.0086 0.0091
1274 0.0179 0.0170 0.0169 0.0179
1275 0.0086 0.0082 0.0082 0.0086
1276 0.0189 0.0179 0.0179 0.0189
1277 0.0085 0.0080 0.0080 0.0084
1278 0.0195 0.0185 0.0185 0.0195
1279 0.0081 0.0078 0.0077 0.0081
1280 0.0210 0.0200 0.0199 0.0210
1281 0.0078 0.0074 0.0074 0.0077
1282 0.0234 0.0223 0.0222 0.0234
1283 0.0074 0.0070 0.0070 0.0073
1284 0.0271 0.0259 0.0258 0.0271
1285 0.0070 0.0067 0.0066 0.0069
1286 0.0331 0.0317 0.0316 0.0331
1287 0.0066 0.0063 0.0063 0.0065
1288 0.0432 0.0414 0.0412 0.0432
1289 0.0063 0.0061 0.0060 0.0063
1290 0.0379 0.0364 0.0363 0.0379
1291 0.0090 0.0087 0.0087 0.0090
1292 0.0149 0.0144 0.0143 0.0149
1293 0.0088 0.0084 0.0084 0.0087
1294 0.0157 0.0151 0.0150 0.0157
1295 0.0085 0.0082 0.0082 0.0085
1296 0.0165 0.0159 0.0158 0.0165
1297 0.0083 0.0080 0.0080 0.0083
1298 0.0171 0.0165 0.0164 0.0171
1299 0.0081 0.0079 0.0078 0.0081
1300 0.0177 0.0171 0.0171 0.0177
1301 0.0080 0.0077 0.0077 0.0080
1302 0.0185 0.0179 0.0178 0.0185
1303 0.0078 0.0076 0.0075 0.0078
1304 0.0193 0.0187 0.0186 0.0193
1305 0.0077 0.0074 0.0074 0.0076
1306 0.0202 0.0195 0.0195 0.0202
1307 0.0075 0.0073 0.0073 0.0075
1308 0.0212 0.0205 0.0205 0.0212
1309 0.0074 0.0071 0.0071 0.0073
1310 0.0202 0.0196 0.0195 0.0202
1311 0.0082 0.0080 0.0080 0.0082
1312 0.0167 0.0162 0.0162 0.0167
1313 0.0081 0.0079 0.0078 0.0080
1314 0.0173 0.0168 0.0168 0.0173
1315 0.0079 0.0077 0.0077 0.0079
1316 0.0179 0.0175 0.0174 0.0179
1317 0.0078 0.0076 0.0076 0.0077
1318 0.0186 0.0182 0.0181 0.0186
1319 0.0076 0.0074 0.0074 0.0076
1320 0.0194 0.0189 0.0189 0.0194
1321 0.0075 0.0073 0.0073 0.0075
1322 0.0202 0.0198 0.0197 0.0202
1323 0.0073 0.0072 0.0072 0.0073
1324 0.0212 0.0207 0.0207 0.0212
1325 0.0072 0.0071 0.0070 0.0072
1326 0.0223 0.0218 0.0217 0.0223
1327 0.0071 0.0069 0.0069 0.0070
1328 0.0235 0.0230 0.0229 0.0235
1329 0.0069 0.0068 0.0068 0.0069
1330 0.0249 0.0244 0.0243 0.0249
1331 0.0068 0.0067 0.0066 0.0068
1332 0.0266 0.0261 0.0260 0.0266
1333 0.0067 0.0065 0.0065 0.0066
1334 0.0286 0.0281 0.0280 0.0286
1335 0.0065 0.0064 0.0064 0.0065
1336 0.0310 0.0305 0.0304 0.0310
1337 0.0064 0.0063 0.0063 0.0063
1338 0.0342 0.0337 0.0336 0.0342
1339 0.0062 0.0061 0.0061 0.0062
1340 0.0384 0.0379 0.0377 0.0384
1341 0.0061 0.0060 0.0060 0.0060
1342 0.0444 0.0439 0.0437 0.0444
1343 0.0059 0.0058 0.0058 0.0059
1344 0.0540 0.0534 0.0533 0.0540
1345 0.0057 0.0056 0.0056 0.0056
1346 0.0726 0.0719 0.0717 0.0725
1347 0.0055 0.0054 0.0054 0.0054
1348 0.0778 0.0773 0.0771 0.0777
1349 0.0093 0.0092 0.0092 0.0092
1350 0.0119 0.0119 0.0118 0.0119
1351 0.0091 0.0091 0.0090 0.0091
1352 0.0121 0.0121 0.0121 0.0122
1353 0.0090 0.0089 0.0089 0.0089
1354 0.0124 0.0123 0.0123 0.0124
1355 0.0088 0.0088 0.0088 0.0088
1356 0.0126 0.0126 0.0125 0.0126
1357 0.0087 0.0087 0.0086 0.0086
1358 0.0128 0.0128 0.0128 0.0129
1359 0.0085 0.0085 0.0085 0.0085
1360 0.0131 0.0131 0.0131 0.0131
1361 0.0084 0.0084 0.0084 0.0084
1362 0.0134 0.0134 0.0133 0.0134
1363 0.0083 0.0083 0.0083 0.0082
1364 0.0136 0.0137 0.0136 0.0137
1365 0.0082 0.0082 0.0081 0.0081
1366 0.0139 0.0140 0.0139 0.0140
1367 0.0080 0.0080 0.0080 0.0080
1368 0.0143 0.0143 0.0143 0.0143
1369 0.0079 0.0079 0.0079 0.0079
1370 0.0146 0.0146 0.0146 0.0146
1371 0.0078 0.0078 0.0078 0.0077
1372 0.0150 0.0150 0.0150 0.0150
1373 0.0077 0.0077 0.0077 0.0076
1374 0.0153 0.0154 0.0153 0.0154
1375 0.0075 0.0076 0.0076 0.0075
1376 0.0157 0.0158 0.0158 0.0158
1377 0.0074 0.0075 0.0074 0.0074
1378 0.0162 0.0163 0.0162 0.0162
1379 0.0073 0.0074 0.0073 0.0073
1380 0.0166 0.0168 0.0167 0.0167
1381 0.0072 0.0072 0.0072 0.0071
1382 0.0172 0.0173 0.0172 0.0172
1383 0.0071 0.0071 0.0071 0.0070
1384 0.0177 0.0179 0.0178 0.0178
1385 0.0070 0.0070 0.0070 0.0069
1386 0.0183 0.0185 0.0184 0.0184
1387 0.0069 0.0069 0.0069 0.0068
1388 0.0190 0.0192 0.0191 0.0190
1389 0.0067 0.0068 0.0068 0.0067
1390 0.0198 0.0200 0.0199 0.0198
1391 0.0066 0.0067 0.0067 0.0066
1392 0.0206 0.0208 0.0208 0.0206
1393 0.0065 0.0066 0.0066 0.0065
1394 0.0216 0.0218 0.0218 0.0216
1395 0.0064 0.0065 0.0065 0.0064
1396 0.0227 0.0230 0.0229 0.0227
1397 0.0063 0.0064 0.0063 0.0062
1398 0.0240 0.0243 0.0242 0.0240
1399 0.0062 0.0063 0.0062 0.0061
1400 0.0255 0.0259 0.0258 0.0255
1401 0.0060 0.0061 0.0061 0.0060
1402 0.0273 0.0278 0.0277 0.0274
1403 0.0059 0.0060 0.0060 0.0059
1404 0.0296 0.0301 0.0300 0.0297
1405 0.0058 0.0059 0.0059 0.0057
1406 0.0326 0.0332 0.0331 0.0326
1407 0.0057 0.0058 0.0058 0.0056
1408 0.0260 0.0265 0.0264 0.0260
1409 0.0083 0.0084 0.0084 0.0082
1410 0.0118 0.0120 0.0120 0.0119
1411 0.0081 0.0083 0.0083 0.0081
1412 0.0121 0.0123 0.0123 0.0121
1413 0.0080 0.0082 0.0081 0.0080
1414 0.0123 0.0126 0.0125 0.0124
1415 0.0079 0.0080 0.0080 0.0078
1416 0.0126 0.0128 0.0128 0.0126
1417 0.0077 0.0079 0.0079 0.0077
1418 0.0129 0.0131 0.0131 0.0129
1419 0.0076 0.0078 0.0077 0.0076
1420 0.0132 0.0135 0.0134 0.0132
1421 0.0075 0.0076 0.0076 0.0074
1422 0.0135 0.0138 0.0138 0.0136
1423 0.0074 0.0075 0.0075 0.0073
1424 0.0138 0.0142 0.0141 0.0139
1425 0.0072 0.0074 0.0074 0.0072
1426 0.0142 0.0146 0.0145 0.0143
1427 0.0071 0.0073 0.0073 0.0071
1428 0.0146 0.0150 0.0149 0.0147
1429 0.0070 0.0072 0.0071 0.0069
1430 0.0151 0.0154 0.0154 0.0151
1431 0.0069 0.0070 0.0070 0.0068
1432 0.0155 0.0159 0.0159 0.0156
1433 0.0067 0.0069 0.0069 0.0067
1434 0.0160 0.0165 0.0164 0.0161
1435 0.0066 0.0068 0.0068 0.0066
1436 0.0166 0.0171 0.0170 0.0167
1437 0.0065 0.0067 0.0067 0.0065
1438 0.0173 0.0178 0.0177 0.0173
1439 0.0064 0.0066 0.0066 0.0063
1440 0.0180 0.0185 0.0184 0.0180
1441 0.0063 0.0065 0.0065 0.0062
1442 0.0188 0.0195 0.0194 0.0189
1443 0.0062 0.0064 0.0063 0.0061
1444 0.0197 0.0204 0.0203 0.0198
1445 0.0060 0.0062 0.0062 0.0060
1446 0.0208 0.0215 0.0215 0.0209
1447 0.0059 0.0061 0.0061 0.0059
1448 0.0221 0.0229 0.0228 0.0222
1449 0.0058 0.0060 0.0060 0.0057
1450 0.0236 0.0245 0.0244 0.0237
1451 0.0057 0.0059 0.0059 0.0056
1452 0.0256 0.0265 0.0265 0.0257
1453 0.0055 0.0057 0.0057 0.0055
1454 0.0274 0.0285 0.0284 0.0275
1455 0.0054 0.0056 0.0056 0.0053
1456 0.0312 0.0325 0.0324 0.0313
1457 0.0053 0.0055 0.0054 0.0052
1458 0.0358 0.0372 0.0371 0.0359
1459 0.0051 0.0053 0.0053 0.0050
1460 0.0436 0.0454 0.0452 0.0437
1461 0.0049 0.0051 0.0051 0.0049
1462 0.0581 0.0606 0.0605 0.0583
1463 0.0047 0.0049 0.0049 0.0046
1464 0.0478 0.0499 0.0498 0.0478
1465 0.0046 0.0048 0.0048 0.0045
1466 0.0478 0.0500 0.0498 0.0478
1467 0.0045 0.0047 0.0047 0.0045
1468 0.0477 0.0500 0.0498 0.0477
1469 0.0045 0.0047 0.0047 0.0045
1470 0.0476 0.0500 0.0499 0.0477
1471 0.0044 0.0047 0.0047 0.0044
1472 0.0276 0.0290 0.0290 0.0276
1473 0.0082 0.0086 0.0086 0.0082
1474 0.0080 0.0084 0.0084 0.0080
1475 0.0081 0.0086 0.0085 0.0081
1476 0.0080 0.0084 0.0084 0.0080
1477 0.0081 0.0086 0.0085 0.0081
1478 0.0079 0.0084 0.0084 0.0080
1479 0.0081 0.0085 0.0085 0.0081
1480 0.0079 0.0084 0.0083 0.0079
1481 0.0081 0.0085 0.0085 0.0081
1482 0.0079 0.0084 0.0083 0.0079
1483 0.0080 0.0085 0.0085 0.0080
1484 0.0079 0.0083 0.0083 0.0079
1485 0.0080 0.0085 0.0084 0.0080
1486 0.0079 0.0083 0.0083 0.0079
1487 0.0080 0.0084 0.0084 0.0080
1488 0.0079 0.0083 0.0083 0.0079
1489 0.0080 0.0084 0.0084 0.0080
1490 0.0078 0.0083 0.0083 0.0078
1491 0.0079 0.0084 0.0084 0.0080
1492 0.0078 0.0083 0.0083 0.0078
1493 0.0079 0.0084 0.0084 0.0079
1494 0.0078 0.0083 0.0082 0.0078
1495 0.0079 0.0084 0.0083 0.0079
1496 0.0078 0.0083 0.0082 0.0078
1497 0.0079 0.0083 0.0083 0.0079
1498 0.0078 0.0082 0.0082 0.0078
1499 0.0078 0.0083 0.0083 0.0079
1500 0.0077 0.0082 0.0082 0.0078
1501 0.0078 0.0083 0.0083 0.0078
1502 0.0077 0.0082 0.0082 0.0077
1503 0.0078 0.0083 0.0083 0.0078
1504 0.0077 0.0082 0.0082 0.0077
1505 0.0078 0.0083 0.0082 0.0078
1506 0.0077 0.0082 0.0082 0.0077
1507 0.0077 0.0082 0.0082 0.0078
1508 0.0077 0.0082 0.0081 0.0077
1509 0.0077 0.0082 0.0082 0.0077
1510 0.0077 0.0081 0.0081 0.0077
1511 0.0077 0.0082 0.0082 0.0077
1512 0.0076 0.0081 0.0081 0.0077
1513 0.0077 0.0082 0.0082 0.0077
1514 0.0076 0.0081 0.0081 0.0076
1515 0.0076 0.0082 0.0081 0.0077
1516 0.0076 0.0081 0.0081 0.0076
1517 0.0076 0.0081 0.0081 0.0076
1518 0.0076 0.0081 0.0081 0.0076
1519 0.0076 0.0081 0.0081 0.0077
1520 0.0076 0.0081 0.0081 0.0077
1521 0.0076 0.0081 0.0081 0.0077
1522 0.0076 0.0081 0.0080 0.0076
1523 0.0076 0.0081 0.0080 0.0076
1524 0.0075 0.0080 0.0080 0.0076
1525 0.0075 0.0080 0.0080 0.0076
1526 0.0075 0.0080 0.0080 0.0076
1527 0.0075 0.0080 0.0080 0.0076
1528 0.0075 0.0080 0.0080 0.0076
1529 0.0075 0.0080 0.0080 0.0076
1530 0.0075 0.0080 0.0080 0.0076
1531 0.0075 0.0080 0.0080 0.0075
1532 0.0075 0.0080 0.0080 0.0075
1533 0.0074 0.0080 0.0079 0.0075
1534 0.0074 0.0080 0.0080 0.0075
1535 0.0074 0.0079 0.0079 0.0075
1536 0.0074 0.0080 0.0079 0.0075
1537 0.0074 0.0079 0.0079 0.0075
1538 0.0074 0.0079 0.0079 0.0075
1539 0.0074 0.0079 0.0079 0.0074
1540 0.0074 0.0079 0.0079 0.0075
1541 0.0074 0.0079 0.0079 0.0074
1542 0.0074 0.0079 0.0079 0.0074
1543 0.0073 0.0079 0.0078 0.0074
1544 0.0074 0.0079 0.0079 0.0074
1545 0.0073 0.0078 0.0078 0.0074
1546 0.0073 0.0079 0.0079 0.0074
1547 0.0073 0.0078 0.0078 0.0073
1548 0.0073 0.0079 0.0079 0.0074
1549 0.0073 0.0078 0.0078 0.0073
1550 0.0073 0.0079 0.0078 0.0074
1551 0.0072 0.0078 0.0078 0.0073
1552 0.0073 0.0079 0.0078 0.0074
1553 0.0072 0.0078 0.0077 0.0073
1554 0.0073 0.0078 0.0078 0.0073
1555 0.0072 0.0077 0.0077 0.0072
1556 0.0073 0.0078 0.0078 0.0073
1557 0.0072 0.0077 0.0077 0.0073
1558 0.0073 0.0078 0.0078 0.0073
1559 0.0073 0.0077 0.0077 0.0072
1560 0.0073 0.0078 0.0078 0.0073
1561 0.0072 0.0077 0.0077 0.0072
1562 0.0073 0.0078 0.0078 0.0073
1563 0.0072 0.0077 0.0076 0.0072
1564 0.0073 0.0078 0.0077 0.0072
1565 0.0071 0.0076 0.0076 0.0071
1566 0.0073 0.0077 0.0077 0.0072
1567 0.0071 0.0076 0.0076 0.0071
1568 0.0072 0.0077 0.0077 0.0072
1569 0.0071 0.0076 0.0076 0.0071
1570 0.0072 0.0077 0.0077 0.0072
1571 0.0071 0.0076 0.0076 0.0071
1572 0.0072 0.0077 0.0077 0.0072
1573 0.0070 0.0076 0.0075 0.0070
1574 0.0072 0.0077 0.0077 0.0072
1575 0.0070 0.0075 0.0075 0.0070
1576 0.0071 0.0077 0.0077 0.0071
1577 0.0070 0.0075 0.0075 0.0070
1578 0.0457 0.0493 0.0491 0.0458
1579 0.0087 0.0094 0.0094 0.0087
1580 0.0422 0.0456 0.0454 0.0423
1581 0.0086 0.0093 0.0092 0.0086
1582 0.0422 0.0456 0.0455 0.0422
1583 0.0086 0.0093 0.0093 0.0086
1584 0.0402 0.0436 0.0434 0.0402
1585 0.0085 0.0092 0.0092 0.0085
1586 0.0396 0.0431 0.0429 0.0396
1587 0.0085 0.0093 0.0092 0.0085
1588 0.0382 0.0416 0.0415 0.0382
1589 0.0084 0.0092 0.0092 0.0084
1590 0.0374 0.0408 0.0407 0.0374
1591 0.0084 0.0092 0.0092 0.0084
1592 0.0364 0.0398 0.0396 0.0364
1593 0.0083 0.0092 0.0091 0.0084
1594 0.0355 0.0390 0.0388 0.0355
1595 0.0083 0.0091 0.0091 0.0083
1596 0.0346 0.0381 0.0379 0.0347
1597 0.0083 0.0091 0.0091 0.0083
1598 0.0338 0.0373 0.0372 0.0339
1599 0.0082 0.0091 0.0091 0.0082
1600 0.0331 0.0365 0.0364 0.0331
1601 0.0082 0.0091 0.0090 0.0082
1602 0.0323 0.0358 0.0357 0.0324
1603 0.0082 0.0090 0.0090 0.0082
1604 0.0316 0.0351 0.0350 0.0317
1605 0.0081 0.0090 0.0090 0.0081
1606 0.0310 0.0344 0.0343 0.0310
1607 0.0081 0.0090 0.0090 0.0081
1608 0.0304 0.0338 0.0337 0.0304
1609 0.0081 0.0090 0.0090 0.0081
1610 0.0297 0.0332 0.0331 0.0298
1611 0.0080 0.0090 0.0089 0.0080
1612 0.0292 0.0326 0.0325 0.0292
1613 0.0080 0.0089 0.0089 0.0080
1614 0.0286 0.0321 0.0320 0.0286
1615 0.0080 0.0089 0.0089 0.0080
1616 0.0281 0.0316 0.0315 0.0281
1617 0.0079 0.0089 0.0089 0.0079
1618 0.0276 0.0311 0.0310 0.0276
1619 0.0079 0.0089 0.0089 0.0079
1620 0.0272 0.0306 0.0305 0.0272
1621 0.0079 0.0089 0.0088 0.0079
1622 0.0267 0.0302 0.0301 0.0267
1623 0.0078 0.0089 0.0088 0.0078
1624 0.0263 0.0297 0.0296 0.0263
1625 0.0078 0.0088 0.0088 0.0078
1626 0.0258 0.0293 0.0292 0.0259
1627 0.0078 0.0088 0.0088 0.0078
1628 0.0254 0.0289 0.0288 0.0255
1629 0.0077 0.0088 0.0088 0.0077
1630 0.0250 0.0285 0.0284 0.0251
1631 0.0077 0.0088 0.0088 0.0077
1632 0.0246 0.0281 0.0280 0.0247
1633 0.0077 0.0088 0.0087 0.0077
1634 0.0243 0.0277 0.0276 0.0243
1635 0.0076 0.0087 0.0087 0.0077
1636 0.0239 0.0274 0.0273 0.0239
1637 0.0076 0.0087 0.0087 0.0076
1638 0.0235 0.0270 0.0269 0.0236
1639 0.0076 0.0087 0.0087 0.0076
1640 0.0099 0.0114 0.0114 0.0099
1641 0.0315 0.0362 0.0361 0.0315
1642 0.0069 0.0079 0.0079 0.0069
1643 0.0317 0.0365 0.0364 0.0317
1644 0.0068 0.0079 0.0079 0.0068
1645 0.0319 0.0369 0.0367 0.0319
1646 0.0067 0.0078 0.0078 0.0067
1647 0.0321 0.0372 0.0371 0.0322
1648 0.0067 0.0077 0.0077 0.0067
1649 0.0323 0.0376 0.0375 0.0324
1650 0.0066 0.0077 0.0076 0.0066
1651 0.0193 0.0224 0.0224 0.0193
1652 0.0128 0.0149 0.0149 0.0128
1653 0.0094 0.0110 0.0110 0.0094
1654 0.0128 0.0150 0.0149 0.0129
1655 0.0094 0.0110 0.0109 0.0094
1656 0.0128 0.0150 0.0149 0.0128
1657 0.0094 0.0110 0.0109 0.0094
1658 0.0128 0.0149 0.0149 0.0128
1659 0.0093 0.0110 0.0109 0.0094
1660 0.0127 0.0149 0.0149 0.0127
1661 0.0093 0.0109 0.0109 0.0093
1662 0.0126 0.0149 0.0148 0.0127
1663 0.0093 0.0109 0.0109 0.0093
1664 0.0126 0.0148 0.0148 0.0126
1665 0.0093 0.0109 0.0109 0.0093
1666 0.0125 0.0147 0.0147 0.0125
1667 0.0093 0.0109 0.0109 0.0093
1668 0.0124 0.0147 0.0146 0.0125
1669 0.0092 0.0109 0.0109 0.0093
1670 0.0124 0.0146 0.0146 0.0124
1671 0.0092 0.0109 0.0109 0.0092
1672 0.0123 0.0145 0.0145 0.0123
1673 0.0092 0.0109 0.0109 0.0092
1674 0.0122 0.0145 0.0144 0.0122
1675 0.0092 0.0109 0.0108 0.0092
1676 0.0121 0.0144 0.0143 0.0121
1677 0.0092 0.0109 0.0108 0.0092
1678 0.0120 0.0143 0.0142 0.0121
1679 0.0091 0.0109 0.0108 0.0091
1680 0.0119 0.0142 0.0142 0.0120
1681 0.0091 0.0108 0.0108 0.0091
1682 0.0119 0.0141 0.0141 0.0119
1683 0.0091 0.0108 0.0108 0.0091
1684 0.0118 0.0140 0.0140 0.0118
1685 0.0091 0.0108 0.0108 0.0091
1686 0.0117 0.0139 0.0139 0.0117
1687 0.0090 0.0108 0.0108 0.0091
1688 0.0116 0.0139 0.0138 0.0116
1689 0.0090 0.0108 0.0108 0.0090
1690 0.0115 0.0138 0.0137 0.0115
1691 0.0090 0.0108 0.0108 0.0090
1692 0.0114 0.0137 0.0136 0.0114
1693 0.0090 0.0108 0.0108 0.0090
1694 0.0113 0.0136 0.0136 0.0113
1695 0.0090 0.0108 0.0107 0.0090
1696 0.0112 0.0135 0.0135 0.0113
1697 0.0089 0.0108 0.0107 0.0090
1698 0.0111 0.0134 0.0134 0.0112
1699 0.0089 0.0108 0.0107 0.0089
1700 0.0111 0.0133 0.0133 0.0111
1701 0.0089 0.0108 0.0107 0.0089
1702 0.0110 0.0132 0.0132 0.0110
1703 0.0089 0.0107 0.0107 0.0089
1704 0.0109 0.0132 0.0131 0.0109
1705 0.0089 0.0107 0.0107 0.0089
1706 0.0108 0.0131 0.0130 0.0108
1707 0.0088 0.0107 0.0107 0.0089
1708 0.0107 0.0130 0.0129 0.0107
1709 0.0088 0.0107 0.0107 0.0088
1710 0.0106 0.0129 0.0129 0.0106
1711 0.0088 0.0107 0.0107 0.0088
1712 0.0105 0.0128 0.0128 0.0106
1713 0.0088 0.0107 0.0107 0.0088
1714 0.0105 0.0127 0.0127 0.0105
1715 0.0088 0.0107 0.0107 0.0088
1716 0.0104 0.0126 0.0126 0.0104
1717 0.0088 0.0107 0.0106 0.0088
1718 0.0103 0.0126 0.0125 0.0103
1719 0.0087 0.0107 0.0106 0.0088
1720 0.0102 0.0125 0.0124 0.0102
1721 0.0087 0.0107 0.0106 0.0087
1722 0.0101 0.0124 0.0124 0.0102
1723 0.0087 0.0107 0.0106 0.0087
1724 0.0101 0.0123 0.0123 0.0101
1725 0.0087 0.0106 0.0106 0.0087
1726 0.0100 0.0122 0.0122 0.0100
1727 0.0087 0.0106 0.0106 0.0087
1728 0.0099 0.0122 0.0121 0.0099
1729 0.0086 0.0106 0.0106 0.0087
1730 0.0098 0.0121 0.0121 0.0098
1731 0.0086 0.0106 0.0106 0.0086
1732 0.0097 0.0120 0.0120 0.0098
1733 0.0086 0.0106 0.0106 0.0086
1734 0.0097 0.0119 0.0119 0.0097
1735 0.0086 0.0106 0.0106 0.0086
1736 0.0096 0.0119 0.0118 0.0096
1737 0.0086 0.0106 0.0106 0.0086
1738 0.0095 0.0118 0.0117 0.0095
1739 0.0085 0.0106 0.0106 0.0086
1740 0.0094 0.0117 0.0117 0.0095
1741 0.0085 0.0106 0.0105 0.0085
1742 0.0094 0.0116 0.0116 0.0094
1743 0.0085 0.0106 0.0105 0.0085
1744 0.0093 0.0116 0.0115 0.0093
1745 0.0085 0.0106 0.0105 0.0085
1746 0.0092 0.0116 0.0115 0.0093
1747 0.0085 0.0106 0.0105 0.0085
1748 0.0092 0.0115 0.0115 0.0092
1749 0.0084 0.0106 0.0106 0.0085
1750 0.0091 0.0114 0.0114 0.0091
1751 0.0084 0.0106 0.0106 0.0085
1752 0.0090 0.0113 0.0113 0.0091
1753 0.0084 0.0106 0.0105 0.0084
1754 0.0090 0.0113 0.0112 0.0090
1755 0.0084 0.0106 0.0105 0.0084
1756 0.0089 0.0112 0.0112 0.0089
1757 0.0084 0.0105 0.0105 0.0084
1758 0.0088 0.0111 0.0111 0.0089
1759 0.0084 0.0105 0.0105 0.0084
1760 0.0088 0.0111 0.0110 0.0088
1761 0.0083 0.0105 0.0105 0.0084
1762 0.0087 0.0110 0.0110 0.0087
1763 0.0083 0.0105 0.0105 0.0083
1764 0.0086 0.0109 0.0109 0.0087
1765 0.0083 0.0105 0.0105 0.0083
1766 0.0086 0.0109 0.0108 0.0086
1767 0.0083 0.0105 0.0105 0.0083
1768 0.0085 0.0108 0.0108 0.0085
1769 0.0083 0.0105 0.0105 0.0083
1770 0.0085 0.0107 0.0107 0.0085
1771 0.0083 0.0105 0.0104 0.0083
1772 0.0084 0.0107 0.0106 0.0084
1773 0.0082 0.0105 0.0104 0.0083
1774 0.0083 0.0106 0.0106 0.0084
1775 0.0082 0.0105 0.0104 0.0082
1776 0.0083 0.0105 0.0105 0.0083
1777 0.0082 0.0104 0.0104 0.0082
1778 0.0082 0.0105 0.0105 0.0082
1779 0.0082 0.0104 0.0104 0.0082
1780 0.0082 0.0104 0.0104 0.0082
1781 0.0082 0.0104 0.0104 0.0082
1782 0.0081 0.0104 0.0103 0.0081
1783 0.0081 0.0104 0.0104 0.0082
1784 0.0081 0.0103 0.0103 0.0081
1785 0.0081 0.0104 0.0104 0.0081
1786 0.0080 0.0103 0.0102 0.0080
1787 0.0081 0.0104 0.0104 0.0081
1788 0.0079 0.0102 0.0102 0.0080
1789 0.0081 0.0104 0.0104 0.0081
1790 0.0079 0.0101 0.0101 0.0079
1791 0.0081 0.0104 0.0103 0.0081
1792 0.0078 0.0101 0.0101 0.0079
1793 0.0080 0.0104 0.0103 0.0081
1794 0.0078 0.0100 0.0100 0.0078
1795 0.0080 0.0104 0.0103 0.0080
1796 0.0077 0.0100 0.0100 0.0078
1797 0.0080 0.0103 0.0103 0.0080
1798 0.0077 0.0099 0.0099 0.0077
1799 0.0080 0.0103 0.0103 0.0080